Id|Precinct|Bacon|Eastman|Schaeffer|Totals|TabName
3|01-02|669|529|44|1242|Douglas
4|01-03|430|497|17|944|Douglas
5|01-04|310|742|42|1094|Douglas
6|01-05|446|648|38|1132|Douglas
7|01-07|360|942|53|1355|Douglas
8|01-08|408|855|45|1308|Douglas
9|01-09|340|565|39|944|Douglas
10|01-10|282|273|38|593|Douglas
11|01-11|398|616|40|1054|Douglas
12|01-12|67|47|9|123|Douglas
13|01-13|653|769|48|1470|Douglas
14|01-14|518|1132|34|1684|Douglas
15|01-15|533|950|65|1548|Douglas
16|01-16|370|521|38|929|Douglas
17|01-17|297|890|37|1224|Douglas
18|01-18|666|995|26|1687|Douglas
19|01-19|572|705|26|1303|Douglas
20|01-20|460|610|26|1096|Douglas
21|01-21|497|714|39|1250|Douglas
22|01-22|536|536|13|1085|Douglas
23|01-23|409|596|31|1036|Douglas
24|01-24|406|593|41|1040|Douglas
25|01-25|310|519|50|879|Douglas
26|01-26|237|702|25|964|Douglas
27|01-27|563|455|25|1043|Douglas
28|01-28|515|544|29|1088|Douglas
29|01-29|462|519|44|1025|Douglas
30|01-30|523|613|36|1172|Douglas
31|01-31|549|729|38|1316|Douglas
32|02-01|273|537|48|858|Douglas
33|02-02|228|637|39|904|Douglas
34|02-03|328|857|43|1228|Douglas
35|02-04|117|576|28|721|Douglas
36|02-05|98|469|42|609|Douglas
37|02-06|132|542|27|701|Douglas
38|02-07|103|599|10|712|Douglas
39|02-08|88|587|25|700|Douglas
40|02-09|48|680|18|746|Douglas
41|02-10|95|582|25|702|Douglas
42|02-11|152|775|26|953|Douglas
43|02-12|242|806|32|1080|Douglas
44|02-13|62|521|13|596|Douglas
45|02-14|251|771|43|1065|Douglas
46|02-15|123|901|24|1048|Douglas
47|02-16|118|652|32|802|Douglas
48|02-17|192|671|40|903|Douglas
49|02-18|150|254|11|415|Douglas
50|02-19|109|569|37|715|Douglas
51|02-20|83|572|26|681|Douglas
52|02-21|77|610|18|705|Douglas
53|02-22|56|545|15|616|Douglas
54|02-23|232|481|19|732|Douglas
55|02-24|336|534|51|921|Douglas
56|02-25|334|799|51|1184|Douglas
57|03-02|316|866|32|1214|Douglas
58|03-03|316|937|37|1290|Douglas
59|03-04|181|411|14|606|Douglas
60|03-05|323|731|41|1095|Douglas
61|03-06|244|759|46|1049|Douglas
62|03-07|390|1057|34|1481|Douglas
63|03-08|409|720|26|1155|Douglas
64|03-09|503|884|37|1424|Douglas
65|03-10|251|439|17|707|Douglas
66|03-11|154|387|24|565|Douglas
67|03-12|395|574|31|1000|Douglas
68|03-13|338|684|32|1054|Douglas
69|03-14|503|747|34|1284|Douglas
70|03-15|459|839|45|1343|Douglas
71|03-16|365|684|21|1070|Douglas
72|03-17|395|731|41|1167|Douglas
73|03-18|232|822|31|1085|Douglas
74|03-19|323|915|32|1270|Douglas
75|03-20|517|942|23|1482|Douglas
76|03-21|386|800|26|1212|Douglas
77|03-22|179|452|28|659|Douglas
78|03-23|566|639|31|1236|Douglas
79|03-24|410|580|25|1015|Douglas
80|03-25|504|563|39|1106|Douglas
81|03-26|504|646|35|1185|Douglas
82|04-01|158|308|18|484|Douglas
83|04-02|356|514|43|913|Douglas
84|04-03|214|566|27|807|Douglas
85|04-04|384|632|54|1070|Douglas
86|04-05|703|648|52|1403|Douglas
87|04-06|366|658|49|1073|Douglas
88|04-07|381|450|46|877|Douglas
89|04-08|537|531|50|1118|Douglas
90|04-09|196|366|26|588|Douglas
91|04-10|224|614|44|882|Douglas
92|04-11|498|535|41|1074|Douglas
93|04-12|554|515|35|1104|Douglas
94|04-13|386|527|44|957|Douglas
95|04-14|151|354|23|528|Douglas
96|04-15|310|620|44|974|Douglas
97|04-16|417|568|44|1029|Douglas
98|04-17|324|358|40|722|Douglas
99|04-18|171|498|19|688|Douglas
100|04-19|439|528|47|1014|Douglas
101|04-20|537|371|32|940|Douglas
102|04-21|484|716|62|1262|Douglas
103|05-01|630|652|41|1323|Douglas
104|05-02|653|692|29|1374|Douglas
105|05-03|767|649|36|1452|Douglas
106|05-05|461|508|43|1012|Douglas
107|05-06|446|466|32|944|Douglas
108|05-07|840|789|75|1704|Douglas
109|05-09|781|479|25|1285|Douglas
110|05-10|640|534|44|1218|Douglas
111|05-11|735|627|72|1434|Douglas
112|05-12|718|553|45|1316|Douglas
113|05-13|1127|551|38|1716|Douglas
114|05-14|834|546|42|1422|Douglas
115|05-15|801|507|28|1336|Douglas
116|05-16|731|481|42|1254|Douglas
117|05-17|943|493|30|1466|Douglas
118|05-18|793|587|43|1423|Douglas
119|05-19|645|394|45|1084|Douglas
120|05-23|612|612|43|1267|Douglas
121|05-24|633|570|56|1259|Douglas
122|05-25|885|545|46|1476|Douglas
123|05-26|473|370|18|861|Douglas
124|05-27|623|363|26|1012|Douglas
125|05-28|638|449|32|1119|Douglas
126|05-30|871|520|31|1422|Douglas
127|05-31|857|490|31|1378|Douglas
128|05-32|515|307|23|845|Douglas
129|05-33|174|171|23|368|Douglas
130|05-34|298|219|17|534|Douglas
131|05-35|928|653|32|1613|Douglas
132|05-36|761|467|31|1259|Douglas
133|06-02|708|489|13|1210|Douglas
134|06-03|680|498|29|1207|Douglas
135|06-04|651|578|24|1253|Douglas
136|06-07|579|635|14|1228|Douglas
137|06-08|730|641|22|1393|Douglas
138|06-09|752|631|30|1413|Douglas
139|06-10|782|649|36|1467|Douglas
140|06-11|776|740|56|1572|Douglas
141|06-12|565|514|53|1132|Douglas
142|06-13|912|722|65|1699|Douglas
143|06-14|794|686|45|1525|Douglas
144|06-15|682|427|24|1133|Douglas
145|06-16|901|514|31|1446|Douglas
146|06-17|702|390|18|1110|Douglas
147|06-18|200|161|12|373|Douglas
148|06-19|888|507|35|1430|Douglas
149|06-20|787|532|33|1352|Douglas
150|06-21|992|429|32|1453|Douglas
151|06-22|1218|479|24|1721|Douglas
152|06-23|557|274|26|857|Douglas
153|06-24|861|408|61|1330|Douglas
154|06-25|633|503|15|1151|Douglas
155|06-26|563|500|41|1104|Douglas
156|06-27|553|557|35|1145|Douglas
157|06-28|772|579|40|1391|Douglas
158|06-29|678|380|21|1079|Douglas
159|06-30|494|211|17|722|Douglas
160|06-31|955|388|15|1358|Douglas
161|06-32|1157|474|22|1653|Douglas
162|06-33|1089|454|44|1587|Douglas
163|06-34|1029|645|29|1703|Douglas
164|06-35|448|347|24|819|Douglas
165|06-36|627|317|14|958|Douglas
166|07-01|511|638|42|1191|Douglas
167|07-02|669|709|43|1421|Douglas
168|07-03|613|699|46|1358|Douglas
169|07-04|692|630|51|1373|Douglas
170|07-05|531|771|55|1357|Douglas
171|07-09|557|696|52|1305|Douglas
172|07-10|587|697|48|1332|Douglas
173|07-11|599|665|71|1335|Douglas
174|07-12|775|588|35|1398|Douglas
175|07-13|901|505|47|1453|Douglas
176|07-14|909|507|24|1440|Douglas
177|07-15|464|612|38|1114|Douglas
178|07-16|596|478|28|1102|Douglas
179|07-17|747|449|30|1226|Douglas
180|07-18|519|725|59|1303|Douglas
181|07-19|580|769|54|1403|Douglas
182|07-20|851|535|21|1407|Douglas
183|07-21|989|508|21|1518|Douglas
184|07-24|563|597|50|1210|Douglas
185|07-25|635|688|33|1356|Douglas
186|07-26|747|559|34|1340|Douglas
187|07-27|749|517|19|1285|Douglas
188|07-28|428|297|22|747|Douglas
189|07-29|592|572|38|1202|Douglas
190|07-30|641|541|25|1207|Douglas
191|07-31|689|451|25|1165|Douglas
192|07-32|763|543|35|1341|Douglas
193|07-33|531|316|17|864|Douglas
194|07-34|741|424|19|1184|Douglas
195|07-35|630|575|30|1235|Douglas
196|08-01|337|287|24|648|Douglas
197|08-02|212|225|25|462|Douglas
198|08-03|249|229|12|490|Douglas
199|08-04|398|240|26|664|Douglas
200|08-05|267|230|11|508|Douglas
201|08-06|226|191|20|437|Douglas
202|08-07|451|279|24|754|Douglas
203|08-08|276|153|5|434|Douglas
204|08-09|494|241|4|739|Douglas
205|08-10|105|43|1|149|Douglas
206|08-11|423|634|34|1091|Douglas
207|08-12|789|822|71|1682|Douglas
208|08-13|1153|340|38|1531|Douglas
209|08-14|709|280|43|1032|Douglas
210|08-15|895|526|28|1449|Douglas
211|08-16|923|575|49|1547|Douglas
212|08-17|780|641|40|1461|Douglas
213|08-19|624|444|25|1093|Douglas
214|08-20|836|639|47|1522|Douglas
215|08-23|523|439|18|980|Douglas
216|08-24|699|375|37|1111|Douglas
217|08-27|43|40|7|90|Douglas
218|08-39|506|147|18|671|Douglas
219|08-40|1278|417|56|1751|Douglas
220|08-41|861|324|39|1224|Douglas
221|08-42|1094|507|37|1638|Douglas
222|08-43|1079|655|32|1766|Douglas
223|08-44|467|368|12|847|Douglas
224|08-45|1043|452|26|1521|Douglas
225|08-46|799|565|43|1407|Douglas
226|08-47|834|589|43|1466|Douglas
227|08-48|1046|304|25|1375|Douglas
228|08-49|1238|730|63|2031|Douglas
229|08-50|596|303|26|925|Douglas
230|08-51|946|645|39|1630|Douglas
231|08-52|458|421|21|900|Douglas
232|08-53|500|334|20|854|Douglas
233|08-55|1470|521|33|2024|Douglas
234|08-56|760|494|39|1293|Douglas
235|08-57|1018|511|40|1569|Douglas
236|08-58|776|355|26|1157|Douglas
237|08-59|941|681|49|1671|Douglas
238|08-60|352|782|30|1164|Douglas
239|08-61|1079|450|43|1572|Douglas
240|Precinct 1|0|0|0|0|Sarpy
241|Precinct 2|0|0|0|0|Sarpy
242|Precinct 3|0|0|0|0|Sarpy
243|Precinct 4|0|0|0|0|Sarpy
244|Precinct 5|0|0|0|0|Sarpy
245|Precinct 6|0|0|0|0|Sarpy
246|Precinct 7|0|0|0|0|Sarpy
247|Precinct 8|0|0|0|0|Sarpy
248|Precinct 9|0|0|0|0|Sarpy
249|Precinct 10|0|0|0|0|Sarpy
250|Precinct 11|0|0|0|0|Sarpy
251|Precinct 12|0|0|0|0|Sarpy
252|Precinct 13|0|0|0|0|Sarpy
253|Precinct 16|0|0|0|0|Sarpy
254|Precinct 17|0|0|0|0|Sarpy
255|Precinct 18|0|0|0|0|Sarpy
256|Precinct 19|748|368|34|1150|Sarpy
257|Precinct 20|0|0|0|0|Sarpy
258|Precinct 21|956|433|20|1409|Sarpy
259|Precinct 22|0|0|0|0|Sarpy
260|Precinct 23|1574|795|64|2433|Sarpy
261|Precinct 24|0|0|0|0|Sarpy
262|Precinct 25|0|0|0|0|Sarpy
263|Precinct 26|0|0|0|0|Sarpy
264|Precinct 31|1628|1048|76|2752|Sarpy
265|Precinct 32|696|479|43|1218|Sarpy
266|Precinct 33|791|693|59|1543|Sarpy
267|Precinct 34|885|757|75|1717|Sarpy
268|Precinct 35|909|586|64|1559|Sarpy
269|Precinct 36|996|460|26|1482|Sarpy
270|Precinct 37|1682|923|68|2673|Sarpy
271|Precinct 38|865|568|50|1483|Sarpy
272|Precinct 39|1136|669|54|1859|Sarpy
273|Precinct 40|908|593|65|1566|Sarpy
274|Precinct 41|1327|743|64|2134|Sarpy
275|Precinct 42|1157|925|90|2172|Sarpy
276|Precinct 46|1021|312|38|1371|Sarpy
277|Precinct 47|577|208|50|835|Sarpy
278|Precinct 48|1600|747|55|2402|Sarpy
279|Precinct 49|1221|725|56|2002|Sarpy
280|Precinct 51|2390|1173|94|3657|Sarpy
281|Precinct 52|1724|1033|65|2822|Sarpy
282|Precinct 53|1223|875|81|2179|Sarpy
283|Precinct 54|1176|781|69|2026|Sarpy
284|Precinct 55|1501|918|93|2512|Sarpy
285|Precinct 56|904|599|46|1549|Sarpy
286|Precinct 57|834|753|71|1658|Sarpy
287|Precinct 58|976|329|41|1346|Sarpy
288|Precinct 59|887|384|41|1312|Sarpy
289|Precinct 60|785|395|59|1239|Sarpy
290|Precinct 61|2895|1142|104|4141|Sarpy
291|Precinct 62|1424|974|71|2469|Sarpy
